2 2 4
2 3 6
2 5 10
2 7 14
2 11 22
2 13 26
2 17 34
2 19 38
2 23 46
2 29 58
2 31 62
2 37 74
2 41 82
2 43 86
2 47 94
2 53 106
2 59 118
2 61 122
2 67 134
2 71 142
2 73 146
2 79 158
2 83 166
2 89 178
2 97 194
2 101 202
2 103 206
2 107 214
2 109 218
2 113 226
2 127 254
2 131 262
2 137 274
2 139 278
2 149 298
2 151 302
2 157 314
2 163 326
2 167 334
2 173 346
2 179 358
2 181 362
2 191 382
2 193 386
2 197 394
2 199 398
3 3 9
3 5 15
3 7 21
3 11 33
3 13 39
3 17 51
3 19 57
3 23 69
3 29 87
3 31 93
3 37 111
3 41 123
3 43 129
3 47 141
3 53 159
3 59 177
3 61 183
3 67 201
3 71 213
3 73 219
3 79 237
3 83 249
3 89 267
3 97 291
3 101 303
3 103 309
3 107 321
3 109 327
3 113 339
3 127 381
3 131 393
3 137 411
3 139 417
3 149 447
3 151 453
3 157 471
3 163 489
3 167 501
3 173 519
3 179 537
3 181 543
3 191 573
3 193 579
3 197 591
3 199 597
5 5 25
5 7 35
5 11 55
5 13 65
5 17 85
5 19 95
5 23 115
5 29 145
5 31 155
5 37 185
5 41 205
5 43 215
5 47 235
5 53 265
5 59 295
5 61 305
5 67 335
5 71 355
5 73 365
5 79 395
5 83 415
5 89 445
5 97 485
5 101 505
5 103 515
5 107 535
5 109 545
5 113 565
5 127 635
5 131 655
5 137 685
5 139 695
5 149 745
5 151 755
5 157 785
5 163 815
5 167 835
5 173 865
5 179 895
5 181 905
5 191 955
5 193 965
5 197 985
5 199 995
7 7 49
7 11 77
7 13 91
7 17 119
7 19 133
7 23 161
7 29 203
7 31 217
7 37 259
7 41 287
7 43 301
7 47 329
7 53 371
7 59 413
7 61 427
7 67 469
7 71 497
7 73 511
7 79 553
7 83 581
7 89 623
7 97 679
7 101 707
7 103 721
7 107 749
7 109 763
7 113 791
7 127 889
7 131 917
7 137 959
7 139 973
7 149 1043
7 151 1057
7 157 1099
7 163 1141
7 167 1169
7 173 1211
7 179 1253
7 181 1267
7 191 1337
7 193 1351
7 197 1379
7 199 1393
11 11 121
11 13 143
11 17 187
11 19 209
11 23 253
11 29 319
11 31 341
11 37 407
11 41 451
11 43 473
11 47 517
11 53 583
11 59 649
11 61 671
11 67 737
11 71 781
11 73 803
11 79 869
11 83 913
11 89 979
11 97 1067
11 101 1111
11 103 1133
11 107 1177
11 109 1199
11 113 1243
11 127 1397
11 131 1441
11 137 1507
11 139 1529
11 149 1639
11 151 1661
11 157 1727
11 163 1793
11 167 1837
11 173 1903
11 179 1969
11 181 1991
11 191 2101
11 193 2123
11 197 2167
11 199 2189
13 13 169
13 17 221
13 19 247
13 23 299
13 29 377
13 31 403
13 37 481
13 41 533
13 43 559
13 47 611
13 53 689
13 59 767
13 61 793
13 67 871
13 71 923
13 73 949
13 79 1027
13 83 1079
13 89 1157
13 97 1261
13 101 1313
13 103 1339
13 107 1391
13 109 1417
13 113 1469
13 127 1651
13 131 1703
13 137 1781
13 139 1807
13 149 1937
13 151 1963
13 157 2041
13 163 2119
13 167 2171
13 173 2249
13 179 2327
13 181 2353
13 191 2483
13 193 2509
13 197 2561
13 199 2587
17 17 289
17 19 323
17 23 391
17 29 493
17 31 527
17 37 629
17 41 697
17 43 731
17 47 799
17 53 901
17 59 1003
17 61 1037
17 67 1139
17 71 1207
17 73 1241
17 79 1343
17 83 1411
17 89 1513
17 97 1649
17 101 1717
17 103 1751
17 107 1819
17 109 1853
17 113 1921
17 127 2159
17 131 2227
17 137 2329
17 139 2363
17 149 2533
17 151 2567
17 157 2669
17 163 2771
17 167 2839
17 173 2941
17 179 3043
17 181 3077
17 191 3247
17 193 3281
17 197 3349
17 199 3383
19 19 361
19 23 437
19 29 551
19 31 589
19 37 703
19 41 779
19 43 817
19 47 893
19 53 1007
19 59 1121
19 61 1159
19 67 1273
19 71 1349
19 73 1387
19 79 1501
19 83 1577
19 89 1691
19 97 1843
19 101 1919
19 103 1957
19 107 2033
19 109 2071
19 113 2147
19 127 2413
19 131 2489
19 137 2603
19 139 2641
19 149 2831
19 151 2869
19 157 2983
19 163 3097
19 167 3173
19 173 3287
19 179 3401
19 181 3439
19 191 3629
19 193 3667
19 197 3743
19 199 3781
23 23 529
23 29 667
23 31 713
23 37 851
23 41 943
23 43 989
23 47 1081
23 53 1219
23 59 1357
23 61 1403
23 67 1541
23 71 1633
23 73 1679
23 79 1817
23 83 1909
23 89 2047
23 97 2231
23 101 2323
23 103 2369
23 107 2461
23 109 2507
23 113 2599
23 127 2921
23 131 3013
23 137 3151
23 139 3197
23 149 3427
23 151 3473
23 157 3611
23 163 3749
23 167 3841
23 173 3979
23 179 4117
23 181 4163
23 191 4393
23 193 4439
23 197 4531
23 199 4577
29 29 841
29 31 899
29 37 1073
29 41 1189
29 43 1247
29 47 1363
29 53 1537
29 59 1711
29 61 1769
29 67 1943
29 71 2059
29 73 2117
29 79 2291
29 83 2407
29 89 2581
29 97 2813
29 101 2929
29 103 2987
29 107 3103
29 109 3161
29 113 3277
29 127 3683
29 131 3799
29 137 3973
29 139 4031
29 149 4321
29 151 4379
29 157 4553
29 163 4727
29 167 4843
29 173 5017
29 179 5191
29 181 5249
29 191 5539
29 193 5597
29 197 5713
29 199 5771
31 31 961
31 37 1147
31 41 1271
31 43 1333
31 47 1457
31 53 1643
31 59 1829
31 61 1891
31 67 2077
31 71 2201
31 73 2263
31 79 2449
31 83 2573
31 89 2759
31 97 3007
31 101 3131
31 103 3193
31 107 3317
31 109 3379
31 113 3503
31 127 3937
31 131 4061
31 137 4247
31 139 4309
31 149 4619
31 151 4681
31 157 4867
31 163 5053
31 167 5177
31 173 5363
31 179 5549
31 181 5611
31 191 5921
31 193 5983
31 197 6107
31 199 6169
37 37 1369
37 41 1517
37 43 1591
37 47 1739
37 53 1961
37 59 2183
37 61 2257
37 67 2479
37 71 2627
37 73 2701
37 79 2923
37 83 3071
37 89 3293
37 97 3589
37 101 3737
37 103 3811
37 107 3959
37 109 4033
37 113 4181
37 127 4699
37 131 4847
37 137 5069
37 139 5143
37 149 5513
37 151 5587
37 157 5809
37 163 6031
37 167 6179
37 173 6401
37 179 6623
37 181 6697
37 191 7067
37 193 7141
37 197 7289
37 199 7363
41 41 1681
41 43 1763
41 47 1927
41 53 2173
41 59 2419
41 61 2501
41 67 2747
41 71 2911
41 73 2993
41 79 3239
41 83 3403
41 89 3649
41 97 3977
41 101 4141
41 103 4223
41 107 4387
41 109 4469
41 113 4633
41 127 5207
41 131 5371
41 137 5617
41 139 5699
41 149 6109
41 151 6191
41 157 6437
41 163 6683
41 167 6847
41 173 7093
41 179 7339
41 181 7421
41 191 7831
41 193 7913
41 197 8077
41 199 8159
43 43 1849
43 47 2021
43 53 2279
43 59 2537
43 61 2623
43 67 2881
43 71 3053
43 73 3139
43 79 3397
43 83 3569
43 89 3827
43 97 4171
43 101 4343
43 103 4429
43 107 4601
43 109 4687
43 113 4859
43 127 5461
43 131 5633
43 137 5891
43 139 5977
43 149 6407
43 151 6493
43 157 6751
43 163 7009
43 167 7181
43 173 7439
43 179 7697
43 181 7783
43 191 8213
43 193 8299
43 197 8471
43 199 8557
47 47 2209
47 53 2491
47 59 2773
47 61 2867
47 67 3149
47 71 3337
47 73 3431
47 79 3713
47 83 3901
47 89 4183
47 97 4559
47 101 4747
47 103 4841
47 107 5029
47 109 5123
47 113 5311
47 127 5969
47 131 6157
47 137 6439
47 139 6533
47 149 7003
47 151 7097
47 157 7379
47 163 7661
47 167 7849
47 173 8131
47 179 8413
47 181 8507
47 191 8977
47 193 9071
47 197 9259
47 199 9353
53 53 2809
53 59 3127
53 61 3233
53 67 3551
53 71 3763
53 73 3869
53 79 4187
53 83 4399
53 89 4717
53 97 5141
53 101 5353
53 103 5459
53 107 5671
53 109 5777
53 113 5989
53 127 6731
53 131 6943
53 137 7261
53 139 7367
53 149 7897
53 151 8003
53 157 8321
53 163 8639
53 167 8851
53 173 9169
53 179 9487
53 181 9593
53 191 10123
53 193 10229
53 197 10441
53 199 10547
59 59 3481
59 61 3599
59 67 3953
59 71 4189
59 73 4307
59 79 4661
59 83 4897
59 89 5251
59 97 5723
59 101 5959
59 103 6077
59 107 6313
59 109 6431
59 113 6667
59 127 7493
59 131 7729
59 137 8083
59 139 8201
59 149 8791
59 151 8909
59 157 9263
59 163 9617
59 167 9853
59 173 10207
59 179 10561
59 181 10679
59 191 11269
59 193 11387
59 197 11623
59 199 11741
61 61 3721
61 67 4087
61 71 4331
61 73 4453
61 79 4819
61 83 5063
61 89 5429
61 97 5917
61 101 6161
61 103 6283
61 107 6527
61 109 6649
61 113 6893
61 127 7747
61 131 7991
61 137 8357
61 139 8479
61 149 9089
61 151 9211
61 157 9577
61 163 9943
61 167 10187
61 173 10553
61 179 10919
61 181 11041
61 191 11651
61 193 11773
61 197 12017
61 199 12139
67 67 4489
67 71 4757
67 73 4891
67 79 5293
67 83 5561
67 89 5963
67 97 6499
67 101 6767
67 103 6901
67 107 7169
67 109 7303
67 113 7571
67 127 8509
67 131 8777
67 137 9179
67 139 9313
67 149 9983
67 151 10117
67 157 10519
67 163 10921
67 167 11189
67 173 11591
67 179 11993
67 181 12127
67 191 12797
67 193 12931
67 197 13199
67 199 13333
71 71 5041
71 73 5183
71 79 5609
71 83 5893
71 89 6319
71 97 6887
71 101 7171
71 103 7313
71 107 7597
71 109 7739
71 113 8023
71 127 9017
71 131 9301
71 137 9727
71 139 9869
71 149 10579
71 151 10721
71 157 11147
71 163 11573
71 167 11857
71 173 12283
71 179 12709
71 181 12851
71 191 13561
71 193 13703
71 197 13987
71 199 14129
73 73 5329
73 79 5767
73 83 6059
73 89 6497
73 97 7081
73 101 7373
73 103 7519
73 107 7811
73 109 7957
73 113 8249
73 127 9271
73 131 9563
73 137 10001
73 139 10147
73 149 10877
73 151 11023
73 157 11461
73 163 11899
73 167 12191
73 173 12629
73 179 13067
73 181 13213
73 191 13943
73 193 14089
73 197 14381
73 199 14527
79 79 6241
79 83 6557
79 89 7031
79 97 7663
79 101 7979
79 103 8137
79 107 8453
79 109 8611
79 113 8927
79 127 10033
79 131 10349
79 137 10823
79 139 10981
79 149 11771
79 151 11929
79 157 12403
79 163 12877
79 167 13193
79 173 13667
79 179 14141
79 181 14299
79 191 15089
79 193 15247
79 197 15563
79 199 15721
83 83 6889
83 89 7387
83 97 8051
83 101 8383
83 103 8549
83 107 8881
83 109 9047
83 113 9379
83 127 10541
83 131 10873
83 137 11371
83 139 11537
83 149 12367
83 151 12533
83 157 13031
83 163 13529
83 167 13861
83 173 14359
83 179 14857
83 181 15023
83 191 15853
83 193 16019
83 197 16351
83 199 16517
89 89 7921
89 97 8633
89 101 8989
89 103 9167
89 107 9523
89 109 9701
89 113 10057
89 127 11303
89 131 11659
89 137 12193
89 139 12371
89 149 13261
89 151 13439
89 157 13973
89 163 14507
89 167 14863
89 173 15397
89 179 15931
89 181 16109
89 191 16999
89 193 17177
89 197 17533
89 199 17711
97 97 9409
97 101 9797
97 103 9991
97 107 10379
97 109 10573
97 113 10961
97 127 12319
97 131 12707
97 137 13289
97 139 13483
97 149 14453
97 151 14647
97 157 15229
97 163 15811
97 167 16199
97 173 16781
97 179 17363
97 181 17557
97 191 18527
97 193 18721
97 197 19109
97 199 19303
101 101 10201
101 103 10403
101 107 10807
101 109 11009
101 113 11413
101 127 12827
101 131 13231
101 137 13837
101 139 14039
101 149 15049
101 151 15251
101 157 15857
101 163 16463
101 167 16867
101 173 17473
101 179 18079
101 181 18281
101 191 19291
101 193 19493
101 197 19897
101 199 20099
103 103 10609
103 107 11021
103 109 11227
103 113 11639
103 127 13081
103 131 13493
103 137 14111
103 139 14317
103 149 15347
103 151 15553
103 157 16171
103 163 16789
103 167 17201
103 173 17819
103 179 18437
103 181 18643
103 191 19673
103 193 19879
103 197 20291
103 199 20497
107 107 11449
107 109 11663
107 113 12091
107 127 13589
107 131 14017
107 137 14659
107 139 14873
107 149 15943
107 151 16157
107 157 16799
107 163 17441
107 167 17869
107 173 18511
107 179 19153
107 181 19367
107 191 20437
107 193 20651
107 197 21079
107 199 21293
109 109 11881
109 113 12317
109 127 13843
109 131 14279
109 137 14933
109 139 15151
109 149 16241
109 151 16459
109 157 17113
109 163 17767
109 167 18203
109 173 18857
109 179 19511
109 181 19729
109 191 20819
109 193 21037
109 197 21473
109 199 21691
113 113 12769
113 127 14351
113 131 14803
113 137 15481
113 139 15707
113 149 16837
113 151 17063
113 157 17741
113 163 18419
113 167 18871
113 173 19549
113 179 20227
113 181 20453
113 191 21583
113 193 21809
113 197 22261
113 199 22487
127 127 16129
127 131 16637
127 137 17399
127 139 17653
127 149 18923
127 151 19177
127 157 19939
127 163 20701
127 167 21209
127 173 21971
127 179 22733
127 181 22987
127 191 24257
127 193 24511
127 197 25019
127 199 25273
131 131 17161
131 137 17947
131 139 18209
131 149 19519
131 151 19781
131 157 20567
131 163 21353
131 167 21877
131 173 22663
131 179 23449
131 181 23711
131 191 25021
131 193 25283
131 197 25807
131 199 26069
137 137 18769
137 139 19043
137 149 20413
137 151 20687
137 157 21509
137 163 22331
137 167 22879
137 173 23701
137 179 24523
137 181 24797
137 191 26167
137 193 26441
137 197 26989
137 199 27263
139 139 19321
139 149 20711
139 151 20989
139 157 21823
139 163 22657
139 167 23213
139 173 24047
139 179 24881
139 181 25159
139 191 26549
139 193 26827
139 197 27383
139 199 27661
149 149 22201
149 151 22499
149 157 23393
149 163 24287
149 167 24883
149 173 25777
149 179 26671
149 181 26969
149 191 28459
149 193 28757
149 197 29353
149 199 29651
151 151 22801
151 157 23707
151 163 24613
151 167 25217
151 173 26123
151 179 27029
151 181 27331
151 191 28841
151 193 29143
151 197 29747
151 199 30049
157 157 24649
157 163 25591
157 167 26219
157 173 27161
157 179 28103
157 181 28417
157 191 29987
157 193 30301
157 197 30929
157 199 31243
163 163 26569
163 167 27221
163 173 28199
163 179 29177
163 181 29503
163 191 31133
163 193 31459
163 197 32111
163 199 32437
167 167 27889
167 173 28891
167 179 29893
167 181 30227
167 191 31897
167 193 32231
167 197 32899
167 199 33233
173 173 29929
173 179 30967
173 181 31313
173 191 33043
173 193 33389
173 197 34081
173 199 34427
179 179 32041
179 181 32399
179 191 34189
179 193 34547
179 197 35263
179 199 35621
181 181 32761
181 191 34571
181 193 34933
181 197 35657
181 199 36019
191 191 36481
191 193 36863
191 197 37627
191 199 38009
193 193 37249
193 197 38021
193 199 38407
197 197 38809
197 199 39203
199 199 39601
